# CTLIB Hyper Parameters
views: 128
dets: 512
width: 256
height: 256
dImg: 0.006641
dDet: 0.0072
Ang0: 0
dAng: 0.049072
s2r: 2.5
d2r: 2.5
binshift: 0
scan_type: 0